m = [[19578,26400,28929,184105,142668,8786];
[16578,32650,13929,180891,145668,0];
[13578,35650,0,168891,148668,0];
[10578,38650,0,156891,151668,0];
[9000,40228,0,144891,154668,0];
[9000,40228,0,132891,157668,0];
[9000,40228,0,120891,160668,0];
[9000,40228,0,108891,163668,0];
[9000,40228,0,96891,166668,0];
[9000,40228,0,84891,169668,0];
[9000,40228,0,72891,172668,0];
[9000,40228,0,60891,175668,0];
[9000,40228,0,48891,178668,0];
[9000,40228,0,36891,181668,0];
[9000,40228,0,24891,184668,0];
[9000,40228,0,12891,187668,0];
[9000,40228,0,891,190668,0];
[9000,40228,0,0,182559,0];
[9000,40228,0,0,173559,0];
[9000,40228,0,0,164559,0];
[9000,40228,0,0,155559,0];
[9000,40228,0,0,146559,0];
[9000,40228,0,0,137559,0];
[9000,40228,0,0,128559,0];
[9000,40228,0,0,119559,0];
[9000,40228,0,0,110559,0];
[9000,40228,0,0,101559,0];
[9000,40228,0,0,92559,0];
[9000,40228,0,0,83559,0];
[9000,40228,0,0,74559,0];
[9000,40228,0,0,65559,0];
[9000,40228,0,0,56559,0];
[9000,40228,0,0,47559,0];
[9000,40228,0,0,38559,0];
[9000,40228,0,0,29559,0];
[9000,40228,0,0,20559,0];
[9000,40228,0,0,11559,0];
[9000,40228,0,0,2559,0];
[2559,40228,0,0,0,0];
[0,33787,0,0,0,0];
[0,24787,0,0,0,0];
[0,15787,0,0,0,0];
[0,6787,0,0,0,0];
[0,0,0,0,0,0]];
