m = [[83934,19578,28929,184105,142668,58658,46834,3250,8786];
[92934,16578,13929,180891,145668,61658,37834,0,0];
[101934,13578,0,168891,148668,55746,28834,0,0];
[110934,10578,0,156891,151668,46746,19834,0,0];
[119934,9000,0,144891,154668,37746,10834,0,0];
[128934,9000,0,132891,157668,28746,1834,0,0];
[137934,9000,0,120891,160668,12580,0,0,0];
[141514,9000,0,108891,163668,0,0,0,0];
[123514,9000,0,96891,166668,18000,0,0,0];
[132514,9000,0,84891,169668,0,0,0,0];
[114514,9000,0,72891,172668,18000,0,0,0];
[123514,9000,0,60891,175668,0,0,0,0];
[105514,9000,0,48891,178668,18000,0,0,0];
[114514,9000,0,36891,181668,0,0,0,0];
[96514,9000,0,24891,184668,18000,0,0,0];
[105514,9000,0,12891,187668,0,0,0,0];
[87514,9000,0,891,190668,18000,0,0,0];
[96514,9000,0,0,182559,0,0,0,0];
[78514,9000,0,0,173559,18000,0,0,0];
[87514,9000,0,0,164559,0,0,0,0];
[69514,9000,0,0,155559,18000,0,0,0];
[78514,9000,0,0,146559,0,0,0,0];
[60514,9000,0,0,137559,18000,0,0,0];
[69514,9000,0,0,128559,0,0,0,0];
[51514,9000,0,0,119559,18000,0,0,0];
[60514,9000,0,0,110559,0,0,0,0];
[42514,9000,0,0,101559,18000,0,0,0];
[51514,9000,0,0,92559,0,0,0,0];
[33514,9000,0,0,83559,18000,0,0,0];
[42514,9000,0,0,74559,0,0,0,0];
[24514,9000,0,0,65559,18000,0,0,0];
[33514,9000,0,0,56559,0,0,0,0];
[15514,9000,0,0,47559,18000,0,0,0];
[24514,9000,0,0,38559,0,0,0,0];
[6514,9000,0,0,29559,18000,0,0,0];
[15514,9000,0,0,20559,0,0,0,0];
[0,9000,0,0,11559,15514,0,0,0];
[6514,9000,0,0,2559,0,0,0,0];
[0,2559,0,0,0,6514,0,0,0];
[0,0,0,0,0,0,0,0,0]];
