pops = [ 32297; 37057; 13131; 19564; 8729; 34145; 14962; 10597; 17392; 8547; 9604; 16732; 20634; 26151; 29449; 19568; 161252; 74934; 8118; 22578; 14400; 21906; 43929; 187105; 245285; 19198; 9375; 1406; 23401; 139668; 17062; 7726; 12487; 67761; 10456; 47351; 55658; 80261; 12929; 23805; 82910; 32317; 34869; 59779; 95203; 27088; 37144; 36989; 10925; 29676; 21720; 11545; 47671; 34707; 55834; 12250; 40404; 29957; 25276; 8223; 141617; 28264; 4916; 27503; 16491; 17786; 29450; 15378; 28886; 22232; 19593; 10778; 27134; 15443; 48773; 51137; 20747; 10253; 9878; 19198; 12678; 28065 ];
